%% Costopt Conditions
function [c,ceq] = costcond(d)
c(1) = (4.457*(10^8)*300*(4^1.85)/((d(1))^4.87))-20;
c(2) = (4.457*(10^8)*300*(4^1.85)/((d(1))^4.87))+(4.457*(10^8)*500*(3^1.85)/((d(2))^4.87))-15;
c(3) = (4.457*(10^8)*300*(4^1.85)/((d(1))^4.87))+(4.457*(10^8)*400*(2^1.85)/((d(3))^4.87))-20;
ceq = [];
end